  1.    -1.786780     2.078492     0.866679
  1.    -3.348319     2.917534     1.792747
  1.    -1.291371     0.362255    -0.515595
  1.    -3.760851    -1.015855    -0.413922
  1.    -3.136593     0.809754     0.112815
  1.    -0.435677    -1.443099    -0.423493
  1.    -7.154638     1.847157    -2.264904
  1.    -8.133475     1.103941    -3.842721
  1.    -8.250734     1.840754    -5.698350
  1.    -8.201869     3.520359    -1.942880
  1.    -8.950198    -0.021522    -5.491749
  1.    -9.966037     1.717100    -6.719352
  1.    -4.618717     0.534669    -1.341253
  1.    -4.835709     1.779129    -2.891812
  1.    -6.322776     1.861539    -4.226668
  1.    -1.700576     1.608823    -2.208937
  1.    -3.096091     2.748312    -3.077326
  1.    -9.085998    -1.739513    -4.476830
  1.   -11.027440    -2.191355    -4.640077
  1.   -11.436110    -1.007465    -3.080783
  1.     3.744709    -0.693065     3.097419
  1.     3.405023    -0.241169     5.015857
  1.     4.512605     0.878216     6.248837
  1.     5.230192     0.646088     3.100312
  1.     5.810760     2.511294     2.671419
  1.     2.057270    -1.669073     2.650252
  1.     2.189607    -3.655412     2.842461
  1.     0.405850    -3.861458     1.961691
  1.     4.538741    -2.770587     4.274730
  1.     4.169507    -3.822533     2.614286
  1.     1.079764    -2.259332    -1.441924
  1.     0.663166    -1.974097    -3.377147
  1.     2.300613    -1.204532    -0.260008
  1.     0.052882    -3.856352    -3.086172
  1.    -1.734204    -0.191684    -3.870784
  1.     0.259823    -0.119276    -4.007192
  1.    -2.995564    -1.496481    -4.711307
  1.    -0.109713     1.821140    -4.320603
  1.     2.779793    -3.142108    -2.016912
  1.     2.862949    -4.964920    -1.198107
  1.     2.051406    -0.111206     1.396052
  1.     7.484514    -0.153302     4.563710
  1.     8.278514    -0.167677     2.728128
  1.     8.231431     0.642181     6.239814
  1.     8.456297    -2.149345     2.931561
  1.     6.332561     0.125109     6.596095
  1.     7.356393     2.420572     5.972168
  1.     7.423160     3.888915     4.615882
  1.    10.395672     4.741832     5.199999
  1.     9.306250     3.517251     4.053891
