  1.    -8.935584    -3.528035   -16.019911
  1.    -8.246027    -0.991749   -14.971285
  1.    -9.564754    -2.413839   -14.482800
  1.    -8.090306    -5.203242   -14.673306
  1.    -9.713961    -5.360584   -15.830454
  1.   -10.292089    -4.769845   -10.576252
  1.    -8.228617    -3.679670    -8.975800
  1.    -8.549129    -5.443209    -9.863044
  1.    -7.107533    -4.905587    -7.862113
  1.    -9.163523    -1.051598    -9.977736
  1.    -7.570492    -1.791603    -9.021366
  1.    -7.726551    -2.074559   -13.372013
  1.    -8.439180    -1.002587   -11.841315
  1.    -7.690875     0.457567   -10.697643
  1.   -10.732403     4.202482   -14.440386
  1.   -10.083052     6.085595   -14.619905
  1.   -11.474455     5.969514   -16.051872
  1.   -13.380886     6.408038   -15.635668
  1.    -9.093256     4.628669   -15.567362
  1.    -8.304457     2.800646   -15.757418
  1.    -8.866549     1.320247   -16.979088
  1.   -11.406942     0.148640   -16.428410
  1.   -11.954416     2.025430   -16.006584
  1.    -9.654417    -0.511811   -17.130167
  1.   -11.123301    -1.517179   -15.358551
  1.     1.614039    -7.732435   -19.706963
  1.     2.608437    -6.109773   -20.321884
  1.     1.221018    -5.789329   -21.726299
  1.    -4.927411    -6.751920   -19.770504
  1.    -3.230735    -7.437615   -20.577419
  1.    -3.939999    -9.305412   -20.486433
  1.    -0.058053    -8.414139   -22.479269
  1.    -1.913789    -8.032896   -23.120279
  1.     0.529606    -9.093658   -20.692398
  1.    -2.312199    -6.407610   -22.024965
  1.    -3.503726    -6.873964   -18.371140
  1.    -6.887257   -14.337801   -15.520586
  1.    -7.669497   -13.830959   -13.751063
  1.    -7.626902   -15.581341   -16.901360
  1.    -7.990540   -15.590590   -12.856285
  1.    -7.227552   -11.912670   -14.104415
  1.    -8.285352   -11.923627   -12.407082
  1.    -7.377283   -13.555838   -19.258898
  1.    -5.683526   -14.237226   -18.442259
  1.    -5.152894   -14.269108   -16.514198
  1.    -8.846432   -14.044395   -11.919942
  1.    -9.445395    -8.163228   -15.092707
  1.    -9.174212    -7.059072   -16.738094
  1.    -8.156815    -9.401680   -14.195042
  1.    -8.246384   -10.911151   -15.504038
  1.    -7.918386    -9.902218   -21.472649
  1.    -9.698399   -10.456707   -20.748701
  1.    -8.067802    -9.426352   -19.535839
  1.    -9.055220    -8.603047   -18.003788
  1.    -6.077118    -9.737909   -22.236017
  1.    -6.609398    -7.931926   -22.910629
  1.    -4.096529    -9.575874   -22.461870
  1.     1.572541    -7.593935   -25.392063
  1.     1.589937    -5.367031   -23.646082
  1.     2.571299    -5.862805   -25.316753
  1.     1.422584    -4.473319   -29.119825
  1.     2.679399    -4.095725   -27.610573
  1.    -0.658598    -4.979955   -26.630028
  1.    -0.071319    -3.692545   -28.043419
  1.    -0.174848    -2.819067   -29.839615
  1.    -1.057141    -1.081539   -29.389557
  1.     3.426728    -4.109024   -25.755493
  1.     0.092589    -0.170930   -28.029810
  1.    -4.038478    -1.976017   -28.356266
  1.    -3.370466    -2.638672   -30.121103
  1.    -1.649518    -2.208639   -31.044907
  1.    -2.387247    -0.607328   -31.989132
  1.    -0.799155    -0.861356   -33.178013
  1.    -2.070743    -2.374737   -33.482548
  1.    -1.794956     6.495065   -26.188976
  1.    -2.825489     5.744133   -24.648163
  1.    -2.689351     3.784509   -25.024117
  1.    -0.700108     3.651178   -25.182671
  1.     0.479478     4.297422   -26.662853
  1.    -1.523038     0.197051   -26.909836
  1.    -1.129892     2.070320   -26.329916
  1.    -2.498339     1.314312   -28.251667
  1.     6.352858     5.487598     5.036905
  1.     7.402766     5.294170     3.345665
  1.     7.678368     3.658257     2.228603
  1.     7.550854     4.476102     6.278549
  1.     5.690014     3.962115     6.801128
  1.     8.785471     6.595262     2.716955
  1.     9.509727     4.330966     6.655060
  1.     9.660543     2.672129     5.548031
  1.     9.585167     0.764162     6.142990
  1.    10.400763     0.664818     7.966431
  1.     9.773373     8.883165    12.353481
  1.    10.320555     9.887463    13.994209
  1.     9.664564     9.664179    15.870327
  1.    11.554146     7.973217    12.382343
  1.    10.641108     8.061710    16.562038
  1.    12.604900     9.544975    11.730042
  1.     9.495903     6.492749    17.038342
  1.     8.383551     6.699331    15.389095
  1.     9.169012     5.236763    10.043278
  1.    10.030525     6.925338     9.405704
  1.    11.977259     3.008770    11.620846
  1.    10.681494     4.137855    12.643665
  1.     8.967108     4.951854    12.012558
  1.     9.208838     5.775047    13.819191
  1.     7.823750    -0.348373    10.678358
  1.    10.607468     0.028050     9.851055
  1.    10.100599     2.471269    11.185829
  1.     8.995745     1.178017    10.133783
  1.     3.065138     5.284706    13.758846
  1.     2.352877     4.365260    15.385899
  1.     1.739168     5.420475    12.210323
  1.     3.670213     5.867791    11.943935
  1.     5.063871     5.338188    13.805870
  1.     6.538807     6.351232    14.699345
  1.    -2.265474     3.215534    18.334991
  1.    -1.866769     5.063368    15.815296
  1.    -3.084743     3.943483    14.691734
  1.    -2.628459     2.802373    13.113861
  1.    -0.686234     2.330875    13.187672
  1.    -4.458636     2.019090    12.921726
  1.    -0.104044     6.011451    12.713634
  1.    -0.684543     6.149507    14.622551
  1.    -1.799516     5.089420    17.813995
  1.    -1.690298     1.443014    11.703234
  1.    -0.870217     2.154725    10.023668
  1.    15.660133     8.234930     9.723721
  1.    13.478138    10.016470     9.993622
  1.    14.270466     8.967831     8.486116
  1.    16.705790     9.418921    10.950409
  1.    17.745403     7.780368    11.434504
  1.    16.500240    12.434736     4.768570
  1.    13.966614    14.326981     5.074732
  1.    15.361776    13.739420     3.767715
  1.    15.988499    15.629774     3.583902
  1.    12.767017    14.217545     3.478176
  1.    11.701698    15.155832     4.886978
  1.    17.401627     8.660084     8.831684
  1.    16.860373     8.902330     6.921612
  1.    15.598717    10.349815     7.481094
  1.    15.854111    10.701401     5.528872
  1.    13.711039    10.812477     7.952904
  1.    14.943474    12.374344     8.157059
  1.    14.826031    13.895424     9.450321
  1.    10.418991    16.079901    -4.498718
  1.     9.658270    15.958393    -2.653036
  1.    11.522736    14.734312    -5.484191
  1.     8.642557    14.235577    -2.668398
  1.     9.517172    12.509443    -3.173893
  1.     9.166777    11.593237    -4.916816
  1.    13.329411    10.124245     1.703800
  1.    13.115551    12.935804     0.005327
  1.    12.250183    13.320736     1.766853
  1.    12.401367    14.520458    -0.984026
  1.    10.437502    14.774702    -0.703674
  1.     8.649641    13.878296    -0.700584
  1.    12.638653    11.650530     2.796179
  1.    10.782892    12.363668     3.014317
  1.    21.930489    -6.145521    12.628712
  1.    22.164883    -3.202256    13.275795
  1.    22.904892    -4.526805    11.972742
  1.    23.513706    -1.647378    16.897594
  1.    22.597080    -3.972256    15.070316
  1.    23.610882    -5.317855    16.148071
  1.    22.783981    -1.981013    15.065609
  1.    23.277454    -7.767851    11.752262
  1.    24.215649    -6.004114    11.657320
  1.    23.442390    -5.688391     9.840073
  1.    22.993893    -4.474869     8.314878
  1.    21.046047    -2.555573    20.264858
  1.    22.678185    -1.775827    21.118160
  1.    23.155087     0.150080    21.370033
  1.    22.523228    -2.367636    18.929710
  1.    23.173313    -3.994221    17.964512
  1.    22.156986    -5.647570    17.481293
  1.    20.560810    -5.808742    18.675549
  1.    20.716015    -6.528842    16.410332
  1.    19.854836    -5.514632    21.475292
  1.    19.154408    -4.848523    19.724373
  1.    21.031296     0.322935    13.943356
  1.    20.105213     2.016949    14.465561
  1.    18.195774     0.124329    15.348656
  1.    18.118820     2.014104    14.698406
  1.    20.966660    -1.663330    13.718483
  1.    19.357998     4.043788    14.120895
  1.    17.633913     3.398642    13.339024
  1.    20.972603     4.745985    13.172237
  1.    20.851158     4.317482    11.222454
  1.    17.143986     3.309378    11.402014
  1.    23.369030     7.855108    13.705784
  1.    21.420914     8.304422    13.651260
  1.    21.068146     6.653533    12.578831
  1.    19.594772     7.034511    11.281124
  1.   -20.397778    -1.896377    12.003117
  1.   -20.947029    -2.467957    10.166920
  1.   -18.765802    -0.882125    12.558029
  1.   -22.916950    -2.473178    10.512445
  1.   -22.550312     0.245325     9.817329
  1.   -22.625767    -1.476713     8.802979
  1.   -23.739777    -2.709278     7.689545
  1.   -21.935661    -3.424354     7.205990
  1.   -20.203434    -0.191105    13.764549
  1.   -17.030104     1.086827    13.136299
  1.   -16.950394    -0.438764    11.845478
  1.   -17.836683    -0.610487    10.060818
  1.   -26.025475    -1.823797     7.644714
  1.   -27.609650    -0.606293     7.554779
  1.   -25.040806    -2.472520     9.260126
  1.   -24.275459    -0.757947     9.948967
  1.   -25.937115    -0.816731     4.473227
  1.   -25.268036    -0.516800     6.333969
  1.   -15.209494    -0.267190     0.850376
  1.   -15.260448    -0.132647     2.845194
  1.   -12.827095    -0.270176     0.054241
  1.   -14.204618     1.170389    -0.110666
  1.   -15.532656     2.045388     3.061251
  1.   -14.881748     0.863542     4.537586
  1.   -16.201313    -0.184110     5.615173
  1.   -18.881346    -3.173735    -0.186756
  1.   -17.109528    -3.258068     0.737123
  1.   -20.560253    -3.114006     0.898468
  1.   -20.498266    -1.999682    -0.761181
  1.   -17.237686    -0.035642    -0.623108
  1.   -16.223967    -1.686814    -0.127131
  1.   -17.932386    -4.917855    -0.426561
  1.   -19.549177    -5.537931    -1.427317
  1.   -17.191198     1.451158     6.203411
  1.   -18.149860    -0.188180     6.830734
  1.   -17.616732    -1.471497     8.269091
  1.   -16.069664    -2.354639     7.359890
  1.   -22.171780     0.145819    13.654469
  1.   -22.052670     1.127340    15.392979
  1.    -0.315757    -0.372691     9.156479
  1.     1.345929    -1.443144     9.461323
  1.     2.252090    -0.464604     7.970909
  1.    -1.557865    -1.071384    10.559689
  1.     2.997418    -2.562011     9.605272
  1.    -2.043690    -0.010540     8.216743
  1.     1.937404    -6.511071    10.019142
  1.     3.727039    -6.532013    10.911760
  1.     1.272959    -5.285727     8.584900
  1.     4.856298    -5.028214    10.231058
  1.     3.848411    -3.548610    11.122650
  1.     2.428830    -2.351096    11.864777
  1.     0.333318     1.434683     8.597818
  1.     1.080476     2.758448     7.298050
  1.     2.921270     2.409607     7.997908
  1.    -3.273566    -5.699283    -0.902348
  1.    -4.294826    -4.204460    -0.052322
  1.    -3.656300    -2.857158     1.280745
  1.    -5.170599    -1.875359     0.418795
  1.    -6.955084    -2.650565     0.882132
  1.    -4.266992    -5.206873    -2.566875
  1.    -2.473131    -7.435363    -0.314701
  1.    -2.880621    -6.581174     1.447205
  1.    -8.118572     0.712312     1.656033
  1.    -6.825272     0.795207     0.132710
  1.    -4.978347     1.562066     0.104603
  1.    -9.366577     0.748680     0.093613
  1.    -4.459582    -0.118343     1.057026
  1.    -6.994988     1.150789     3.931259
  1.    -6.010521    -0.286844     2.949409
  1.    -5.175599    -1.950389     3.681202
  1.    -4.369923     0.026643     6.288549
  1.    -4.014273    -1.666098     5.284483
  1.    -4.472108    -1.490891     7.885441
  1.    -3.995946     0.423832     8.212708
  1.    -5.216782     1.991310     8.442015
  1.    -4.321982     2.200788    10.218372
  1.    -7.177813     2.383073     8.471727
  1.    -6.175113     3.993472     7.838324
  1.    -8.221354     2.308709     2.856430
  1.     5.753925    -6.268212     6.656391
  1.     6.313634    -5.344549     4.973070
  1.     5.758029    -5.561903     8.527515
  1.   -11.481251     2.452177     6.863609
  1.   -13.720169     2.378262     5.134562
  1.   -12.579952     3.825895     5.911901
  1.   -10.196257     3.978868     6.729441
  1.    -8.746523     2.714181     7.276104
  1.    -3.624278    -6.742959    -3.674734
  1.    -0.928268    -6.894664    -2.828346
  1.    -2.033508    -7.832319    -4.206475
  1.    -1.433810    -7.838999    -6.114435
  1.    -4.582123    -6.638671    -5.427350
  1.    -5.213490    -8.314155    -4.536220
  1.    -6.248170    -9.833016    -5.325203
  1.    -6.379956   -10.512724    -3.448868
  1.    -6.816536    -7.316632    -7.291346
  1.    -9.597733    -4.810361    -6.351666
  1.    -7.850509    -5.229851    -5.473468
  1.    -6.108429    -5.712721    -6.329029
  1.    -5.513952   -10.917922    -1.692205
  1.    -3.771785   -11.731591    -2.242472
  1.    -2.970262   -11.889743    -0.416950
  1.    -2.106324   -10.086251    -0.448792
  1.    -9.691334     5.572062     7.827974
  1.    -9.249039     7.335468     6.994442
  1.    -8.644253     9.020285     7.886425
